status 0
1
1
0.269768
-1
1
-1
1
1
1
1
1
-1
1
1
-1
-1
-1
1
-1
1
1
-1
-1
-1
-0.771879
1
-1
-1
1
1
1
-1
-1
-1
-1
-1
1
-0.0519326
-1
1
1
1
-1
1
1
1
-1
-1
0.662189
1
1
-1
1
-0.658995
-1
1
1
1
1
-1
1
1
1
1
-1
1
1
-1
-1
1
1
1
0.824174
-1
-1
1
-1
-1
-1
1
1
-1
-1
-1
-1
0.644124
1
1
-1
-1
1
1
-1
-1
1
1
-1
-1
-1
-0.858786
-1
-1
1
1
1
1
-1
1
1
1
1
1
-0.0960739
-1
-1
-1
-1
1
1
-1
1
1
1
-1
1
1
-1
-1
1
0.307914
-1
1
1
1
1
-0.667308
-1
1
-1
0.183833
0.649051
1
1
-1
-0.110036
-1
1
-1
1
1
-1
-1
1
1
1
1
-0.451215
1
1
1
1
1
-0.138105
-1
1
1
-1
-1
-1
-1
-1
1
1
-0.651092
1
1
-1
-1
-1
-1
-1
1
1
1
1
1
0.13279
-1
1
-1
-1
-1
1
-1
1
-1
1
-1
1
1
1
1
1
1
-1
-1
1
1
1
1
1
1
-1
-1
1
-1
1
1
1
1
-1
1
1
1
-1
1
1
1
-1
1
-1
-1
-1
-1
1
-1
-1
-0.186215
-1
-0.376083
1
1
-0.826268
1
1
1
1
-1
-1
-1
1
1
1
1
1
1
1
-1
1
-1
1
-1
1
-1
-1
-1
1
-1
1
-1
-1
-1
-0.138792
1
-1
-1
1
1
1
-1
1
1
-1
1
-1
1
-0.592062
-1
1
1
-1
1
0.766427
1
-1
1
-1
-1
0.30654
1
-1
1
-1
-1
1
1
0.872091
-1
-1
1
-1
-1
1
-1
-1
-1
-1
1
-1
1
1
-1
1
1
0.206932
-1
-1
-1
-0.604441
1
-1
1
-1
1
-1
1
1
-1
-0.0352055
-1
1
1
-0.614514
-0.0132154
-1
1
-1
0.120279
-0.664947
-1
-1
-1
1
-1
1
-1
1
1
-1
1
1
1
1
-1
1
1
-1
-1
-1
-1
-1
1
1
1
1
-0.994683
1
1
1
1
-1
-1
-1
0.981174
0.600661
-1
-0.286032
-1
1
1
-1
1
-1
-1
1
1
-1
-1
1
1
1
1
-1
1
1
1
0.820474
-1
1
-1
-1
-1
-1
-1
1
-1
-1
1
1
-1
1
1
-1
-1
1
1
-1
-1
1
-1
-1
1
-1
0.923513
1
1
1
-1
-1
-1
-1
1
-1
1
1
1
1
-1
-1
0.184655
1
1
-1
1
-1
1
1
-1
1
-0.821637
-1
1
0.843095
0.77684
-1
-1
-1
1
-1
0.89654
-1
-1
1
-1
1
0.0431112
1
-1
1
1
1
-1
1
1
1
-0.0618503
-1
-1
1
-1
1
1
-1
1
1
-1
1
-1
0.174111
-1
-1
-1
-1
-0.197782
1
1
1
-1
1
-1
-1
-1
-1
-1
-1
-1
-1
-1
-1
-1
-1
1
-1
-1
1
-1
1
1
-1
-1
-1
-1
-1
-1
-1
-1
-1
0.202437
-1
-1
1
-1
0.112158
1
-1
-1
1
1
-1
1
1
1
1
1
-1
-1
-0.873729
-1
-0.841174
1
1
-1
-1
1
-1
1
-1
1
-1
-1
-1
1
-1
-1
-1
-1
-1
-1
-1
-1
-0.819396
1
-1
0.825275
-0.434577
-0.261332
-1
1
1
1
-1
0.707984
1
1
1
1
-1
-0.476891
1
-1
-1
1
-1
-1
0.53217
0.0487096
1
-1
1
-1
-1
-1
0.124749
-1
1
-1
-1
-1
1
-1
-1
1
1
1
1
1
1
-1
-1
1
1
-1
1
-1
-1
-1
-1
-1
1
-1
-1
1
-1
1
-1
-1
-1
-1
-1
-0.317803
-1
-1
-1
-1
1
-1
-1
1
0.731739
-1
1
-1
1
-1
-1
1
1
-0.218621
1
-1
1
1
1
-1
1
-1
1
-1
-1
1
1
1
1
0.529821
1
-0.421922
1
1
-1
1
-1
-1
-0.203989
1
-1
1
1
1
-1
1
-1
1
-1
1
1
-1
1
-1
1
1
1
1
0.0927303
0.485296
-1
-0.962863
1
-1
0.349482
-1
1
-0.0112481
1
0.416674
-1
-1
-1
1
-1
1
1
1
1
-1
0.565789
-1
-1
1
1
-1
0.695844
0.551129
-1
1
-1
-1
-1
-1
1
-1
1
-1
1
1
-1
1
-1
1
1
-1
-0.137567
1
1
-0.897712
-1
1
-1
-1
1
-1
-1
-0.96237
1
-1
-1
1
1
-0.890564
-1
-1
1
-1
-1
-1
1
-0.214133
1
1
-1
1
-1
-1
-0.749661
1
-0.889973
1
-1
-1
1
-1
1
-0.847259
-1
1
1
-1
-1
1
-1
-1
1
-1
-1
1
-0.98492
1
1
1
1
1
1
-0.393434
-1
1
1
-1
1
-1
1
-1
1
1
1
1
1
1
-1
-1
1
1
1
-1
1
1
1
-0.647398
-1
-1
1
-1
-1
-1
-1
1
-1
1
-1
-1
1
-1
1
1
1
-1
1
1
1
1
-1
-1
-1
-0.227166
-0.723584
1
-1
-1
-1
1
-1
-1
-1
1
-0.702415
-1
-1
-1
1
-1
-1
-1
1
-1
1
-1
1
1
-1
1
-0.799819
-1
-1
-0.132915
1
1
-1
-1
1
-1
0.946575
-1
-1
-1
-1
-1
1
1
1
-1
-1
-1
1
0.446084
-1
1
1
-1
1
-1
-1
-1
1
1
-1
-0.870375
-1
-1
1
1
-1
-1
-1
-1
-1
-1
-1
-1
-1
1
1
-1
-1
1
1
0.485805
-1
1
-1
1
-1
1
1
-1
-1
-1
1
1
1
-0.815341
1
1
-1
1
1
-1
-1
1
1
-1
-1
1
1
-1
1
-1
1
1
1
1
0.0724357
-0.793102
1
-1
1
-1
1
1
-1
-1
-1
1
1

END
